0.101085 147
0.000387 62
0.000063 2
0.000061 8
0.555633 1
0.087733 3
0.104247 1
0.135765 1
0.360321 1
0.456064 2
0.000078 11
0.016085 9
0.000041 209
0.000517 147
0.000077 62
0.000158 2
0.000018 8
1.695054 68
0.399832 1
0.071859 3
0.079943 1
0.160130 1
0.416163 1
0.151764 1
0.127910 1
0.320217 2
0.000179 11
0.006908 11
0.000070 62
0.000029 114
0.000027 111
0.000038 55
0.000498 147
0.000129 62
0.000248 2
0.000091 8
2.295726 1
0.039951 3
0.096052 1
0.216173 2
0.000023 11
0.005758 40
0.000028 45
0.000023 45
0.000048 45
0.000043 45
0.000046 45
0.000368 147
0.000137 62
0.000224 2
0.000089 8
0.785110 68
0.480079 1
0.311942 3
0.175974 1
0.087996 1
0.320147 2
0.000082 11
